15	139
16	136
17	130
18	126
19	122
20	118
21	116
22	113
23	110
24	107
25	104
26	100
27	98
28	96
29	94
30	92
31	90
32	88
33	87
34	84
35	84
36	83
37	81
38	79
39	77
40	77
41	77
42	76
43	74
44	73
45	72
46	72
47	71
48	70
49	69
50	69
51	69
52	66
53	66
54	65
55	64
56	63
57	63
58	63
59	62
60	62
61	61
62	63
63	60
64	59
65	58
66	58
67	57
68	57
69	59
70	56
71	57
72	56
73	57
74	56
75	56
76	56
77	55
78	56
79	56
80	56
81	56
82	55
83	55
84	55
85	54
86	54
87	54
88	54
89	53
90	53
91	54
92	53
93	52
94	53
95	53
96	53
97	53
98	53
99	53
100	54
101	53
102	54
103	55
104	55
105	56
106	57
107	56
108	56
109	56
110	57
111	58
112	57
113	58
114	58
115	59
116	59
117	60
118	61
119	60
120	61
121	60
122	61
123	61
124	64
125	63
126	63
127	63
128	65
129	64
130	65
131	65
132	66
133	66
134	65
135	67
136	66
137	65
138	63
139	67
140	69
141	67
142	69
143	68
144	71
145	73
146	79
147	73
148	74
149	76
150	77
151	78
152	81
153	82
154	83
155	84
156	86
157	88
158	91
159	91
160	93
161	93
162	96
163	99
164	100
165	106
166	106
167	108
168	111
169	115
170	119
171	123
172	125
173	131
174	137
175	140
176	146
177	156
178	162
179	167
180	175
180	182
179	182
178	176
177	169
176	157
175	154
174	148
173	135
172	127
171	123
170	118
169	114
168	108
167	105
166	102
165	98
164	97
163	95
162	91
161	90
160	88
159	87
158	84
157	83
156	82
155	81
154	80
153	79
152	77
151	77
150	76
149	74
148	75
147	74
146	73
145	71
144	72
143	70
142	69
141	70
140	69
139	69
138	67
137	67
136	67
135	66
134	65
133	66
132	65
131	65
130	64
129	64
128	64
127	63
126	63
125	62
124	62
123	61
122	61
121	60
120	59
119	60
118	60
117	59
116	58
115	57
114	58
113	57
112	56
111	56
110	56
109	56
108	55
107	56
106	56
105	55
104	55
103	55
102	54
101	53
100	53
99	53
98	52
97	53
96	52
95	52
94	52
93	51
92	52
91	52
90	52
89	52
88	53
87	52
86	54
85	53
84	53
83	54
82	55
81	54
80	54
79	53
78	55
77	54
76	55
75	54
74	55
73	55
72	57
71	56
70	56
69	56
68	56
67	57
66	57
65	57
64	57
63	57
62	57
61	58
60	58
59	59
58	59
57	60
56	61
55	62
54	64
53	64
52	66
51	66
50	67
49	69
48	70
47	70
46	70
45	72
44	72
43	74
42	73
41	75
40	77
39	77
38	78
37	80
36	80
35	83
34	84
33	85
32	86
31	88
30	89
29	91
28	94
27	97
26	101
25	102
24	107
23	110
22	113
21	116
20	117
19	117
18	120
17	125
16	129
15	134
14	139
13	142
12	147
11	151
10	159
9	164
8	170
7	177
6	183
5	191
4	197
3	205
2	214
1	222
0	230
0	234
1	234
2	229
3	218
4	206
5	199
6	189
7	182
8	176
9	169
10	164
11	160
12	153
13	146
14	142
15	139
16	135
17	129
18	125
19	122
20	118
21	116
22	113
23	110
24	106
25	103
26	101
27	98
28	96
29	94
30	92
31	90
32	88
33	86
34	86
35	84
36	82
37	81
38	80
39	78
40	78
41	77
42	76
43	74
44	73
45	73
46	72
47	72
48	70
49	70
50	68
51	68
52	66
53	65
54	65
55	64
56	63
57	62
58	62
59	61
60	61
61	60
62	59
63	60
64	58
65	59
66	58
67	56
68	57
69	57
70	58
71	56
72	57
73	56
74	57
75	56
76	56
77	56
78	56
79	55
80	55
81	56
82	55
83	55
84	54
85	54
86	54
87	54
88	53
89	54
90	53
91	53
92	53
93	52
94	53
95	52
96	53
97	52
98	53
99	54
100	54
101	53
102	54
103	56
104	56
105	56
106	57
107	57
108	56
109	56
110	56
111	56
112	57
113	57
114	58
115	61
116	59
117	59
118	59
119	60
120	60
121	60
122	62
123	62
124	63
125	63
126	63
127	63
128	65
129	65
130	65
131	66
132	67
133	65
134	66
135	66
136	67
137	68
138	77
139	66
140	65
141	68
142	68
143	71
144	72
145	70
146	73
147	75
148	74
149	76
150	77
151	78
152	78
153	81
154	84
155	84
156	86
157	89
158	90
159	91
160	94
161	93
162	96
163	99
164	100
165	102
166	106
167	110
168	114
169	115
170	118
171	121
172	127
173	130
174	138
175	142
176	150
177	157
178	164
179	165
180	177
180	180
179	180
178	176
177	165
176	156
175	152
174	149
173	136
172	128
171	121
170	120
169	112
168	110
167	107
166	104
165	100
164	97
163	94
162	93
161	92
160	88
159	88
158	86
157	85
156	83
155	82
154	81
153	79
152	77
151	78
150	75
149	78
148	73
147	73
146	73
145	72
144	72
143	71
142	69
141	68
140	69
139	69
138	67
137	68
136	67
135	66
134	66
133	66
132	65
131	64
130	65
129	66
128	63
127	63
126	63
125	63
124	61
123	60
122	61
121	61
120	61
119	59
118	60
117	60
116	60
115	61
114	59
113	58
112	56
111	56
110	56
109	56
108	56
107	56
106	55
105	55
104	56
103	57
102	55
101	54
100	53
99	53
98	53
97	53
96	53
95	53
94	52
93	53
92	52
91	53
90	52
89	52
88	53
87	53
86	54
85	53
84	54
83	54
82	54
81	55
80	56
79	55
78	54
77	55
76	57
75	55
74	54
73	56
72	56
71	55
70	56
69	56
68	56
67	56
66	57
65	56
64	57
63	58
62	58
61	59
60	58
59	59
58	60
57	61
56	61
55	63
54	65
53	65
52	67
51	67
50	69
49	69
48	71
47	71
46	72
45	73
44	73
43	74
42	74
41	76
40	77
39	78
38	77
37	80
36	81
35	83
34	84
33	85
32	87
31	89
30	89
29	92
28	94
27	95
26	99
25	101
24	104
23	106
22	108
21	113
20	116
19	118
18	120
17	124
16	129
15	134
14	140
13	144
12	148
11	152
10	158
9	164
8	169
7	178
6	184
5	188
4	195
3	203
2	210
1	222
0	230
0	235
1	235
2	230
3	219
4	204
5	197
6	191
7	184
8	178
9	172
10	165
11	159
12	153
13	146
14	143
15	139
16	135
17	130
18	127
19	123
20	119
21	116
22	112
23	109
24	107
25	105
26	102
27	99
28	97
29	94
30	93
31	91
32	89
33	87
34	85
35	85
36	84
37	82
38	81
39	79
40	78
41	78
42	76
43	75
44	74
45	74
46	72
47	72
48	71
49	70
50	69
51	68
52	67
53	67
54	65
55	63
56	64
57	64
58	62
59	62
60	62
61	61
62	60
63	60
64	59
65	59
66	59
67	58
68	58
69	58
70	58
71	57
72	57
73	57
74	56
75	56
76	57
77	56
78	57
79	57
80	57
81	56
82	56
83	55
84	55
85	55
86	55
87	54
88	54
89	55
90	54
91	53
92	54
93	54
94	54
95	53
96	55
97	56
98	53
99	54
100	54
101	54
102	56
103	57
104	59
105	57
106	56
107	56
108	56
109	57
110	57
111	56
112	58
113	58
114	59
115	59
116	60
117	60
118	61
119	61
120	62
121	62
122	62
123	62
124	62
125	63
126	65
127	66
128	65
129	66
130	66
131	66
132	66
133	67
134	68
135	67
136	69
137	66
138	70
139	68
140	67
141	66
142	73
143	71
144	79
145	71
146	71
147	74
148	76
149	77
150	78
151	73
152	80
153	80
154	86
155	88
156	87
157	89
158	88
159	93
160	93
161	96
162	96
163	99
164	103
165	105
166	108
167	112
168	118
169	116
170	120
171	125
172	127
173	135
174	140
175	144
176	150
177	153
178	166
179	170
180	179
180	184
179	186
178	180
177	173
176	159
175	155
174	151
173	138
172	130
171	125
170	119
169	115
168	111
167	108
166	103
165	103
164	99
163	97
162	94
161	92
160	92
159	88
158	85
157	86
156	84
155	83
154	82
153	82
152	79
151	78
150	77
149	78
148	75
147	76
146	75
145	73
144	73
143	71
142	72
141	70
140	70
139	70
138	69
137	68
136	68
135	68
134	67
133	67
132	67
131	66
130	65
129	65
128	65
127	67
126	65
125	64
124	63
123	62
122	62
121	61
120	61
119	60
118	61
117	60
116	60
115	59
114	60
113	59
112	58
111	57
110	57
109	56
108	57
107	56
106	57
105	57
104	58
103	57
102	56
101	55
100	54
99	53
98	54
97	53
96	53
95	53
94	53
93	53
92	53
91	54
90	53
89	53
88	53
87	54
86	54
85	54
84	54
83	55
82	55
81	56
80	56
79	55
78	56
77	56
76	57
75	56
74	56
73	56
72	57
71	58
70	57
69	57
68	57
67	58
66	58
65	59
64	58
63	59
62	59
61	61
60	59
59	61
58	61
57	62
56	63
55	64
54	65
53	66
52	67
51	68
50	70
49	72
48	71
47	73
46	73
45	72
44	75
43	75
42	76
41	77
40	79
39	79
38	81
37	82
36	82
35	85
34	86
33	87
32	89
31	90
30	91
29	94
28	96
27	98
26	100
25	102
24	106
23	109
22	111
21	114
20	117
19	120
18	122
17	127
16	131
15	135
14	142
13	145
12	149
11	155
10	160
9	167
8	173
7	180
6	188
5	193
4	201
3	207
2	219
1	227
0	235
0	238
1	237
2	233
3	219
4	207
5	201
6	194
7	186
8	180
9	173
10	167
11	162
12	155
13	149
14	145
15	142
16	138
17	132
18	128
19	125
20	121
21	118
22	115
23	112
24	110
25	107
26	105
27	100
28	98
29	96
30	94
31	92
32	91
33	89
34	87
35	86
36	85
37	83
38	81
39	80
40	80
41	79
42	78
43	76
44	75
45	75
46	73
47	72
48	72
49	72
50	71
51	69
52	68
53	67
54	66
55	66
56	66
57	65
58	64
59	64
60	63
61	62
62	62
63	61
64	60
65	59
66	59
67	59
68	59
69	58
70	58
71	58
72	58
73	57
74	58
75	57
76	57
77	57
78	56
79	56
80	57
81	57
82	56
83	57
84	57
85	57
86	56
87	55
88	55
89	55
90	55
91	54
92	54
93	54
94	54
95	54
96	55
97	53
98	54
99	55
100	56
101	56
102	57
103	57
104	57
105	60
106	58
107	59
108	57
109	58
110	58
111	58
112	59
113	59
114	60
115	60
116	61
117	61
118	61
119	62
120	64
121	63
122	63
123	63
124	64
125	65
126	66
127	66
128	66
129	67
130	68
131	66
132	68
133	67
134	68
135	69
136	68
137	69
138	69
139	68
140	70
141	71
142	73
143	71
144	73
145	71
146	74
147	72
148	78
149	75
150	76
151	81
152	81
153	84
154	85
155	87
156	90
157	88
158	92
159	92
160	94
161	97
162	99
163	103
164	104
165	106
166	109
167	113
168	115
169	123
170	121
171	125
172	128
173	136
174	141
175	147
176	152
177	163
178	167
179	171
180	179
180	184
179	183
178	182
177	168
176	162
175	158
174	154
173	143
172	133
171	125
170	121
169	114
168	113
167	110
166	105
165	103
164	101
163	98
162	93
161	94
160	92
159	90
158	86
157	85
156	84
155	82
154	81
153	80
152	79
151	73
150	76
149	76
148	75
147	75
146	74
145	73
144	73
143	72
142	73
141	72
140	69
139	71
138	69
137	69
136	69
135	70
134	68
133	68
132	66
131	69
130	67
129	66
128	66
127	67
126	65
125	64
124	62
123	62
122	61
121	61
120	61
119	60
118	61
117	60
116	60
115	60
114	59
113	60
112	59
111	58
110	59
109	58
108	58
107	57
106	58
105	58
104	58
103	57
102	57
101	56
100	56
99	55
98	54
97	54
96	55
95	54
94	52
93	53
92	53
91	54
90	54
89	53
88	54
87	54
86	55
85	55
84	55
83	55
82	55
81	56
80	56
79	56
78	56
77	56
76	56
75	58
74	57
73	57
72	57
71	58
70	58
69	58
68	58
67	62
66	58
65	59
64	59
63	59
62	59
61	59
60	60
59	60
58	62
57	63
56	64
55	65
54	66
53	66
52	68
51	69
50	71
49	72
48	73
47	74
46	74
45	74
44	76
43	75
42	77
41	77
40	79
39	80
38	80
37	82
36	83
35	85
34	87
33	88
32	90
31	91
30	92
29	95
28	96
27	99
26	100
25	103
24	108
23	109
22	111
21	116
20	118
19	122
18	124
17	128
16	132
15	138
14	143
13	145
12	149
11	154
10	162
9	169
8	173
7	180
6	186
5	192
4	200
3	209
2	217
1	226
0	236
0	238
1	238
2	231
3	218
4	208
5	201
6	194
7	186
8	179
9	174
10	168
11	160
12	157
13	151
14	146
15	142
16	138
17	133
18	130
19	127
20	120
21	119
22	116
23	113
24	110
25	107
26	104
27	101
28	99
29	97
30	95
31	94
32	91
33	89
34	89
35	87
36	86
37	84
38	82
39	81
40	81
41	81
42	79
43	77
44	76
45	76
46	75
47	74
48	72
49	73
50	71
51	70
52	70
53	67
54	68
55	72
56	67
57	66
58	65
59	66
60	64
61	63
62	64
63	60
64	61
65	60
66	60
67	60
68	59
69	59
70	58
71	58
72	58
73	59
74	58
75	58
76	58
77	57
78	57
79	57
80	58
81	57
82	57
83	57
84	57
85	57
86	56
87	56
88	55
89	56
90	55
91	56
92	55
93	54
94	55
95	55
96	55
97	55
98	54
99	57
100	56
101	56
102	56
103	57
104	59
105	58
106	59
107	60
108	59
109	61
110	60
111	60
112	60
113	61
114	61
115	61
116	62
117	62
118	62
119	63
120	64
121	63
122	65
123	65
124	66
125	66
126	66
127	68
128	67
129	68
130	68
131	68
132	69
133	69
134	68
135	70
136	69
137	66
138	70
139	69
140	68
141	69
142	72
143	74
144	75
145	76
146	80
147	77
148	76
149	79
150	82
151	82
152	83
153	84
154	85
155	88
156	91
157	91
158	94
159	95
160	97
161	98
162	99
163	100
164	104
165	107
166	111
167	111
168	118
169	118
170	124
171	127
172	131
173	136
174	142
175	147
176	157
177	164
178	166
179	171
180	181
180	185
179	185
178	180
177	172
176	162
175	159
174	158
173	142
172	132
171	129
170	123
169	116
168	113
167	110
166	108
165	106
164	103
163	100
162	98
161	96
160	92
159	90
158	88
157	86
156	86
155	84
154	83
153	82
152	81
151	80
150	78
149	80
148	77
147	77
146	77
145	76
144	77
143	72
142	73
141	72
140	72
139	73
138	71
137	70
136	70
135	69
134	69
133	69
132	68
131	69
130	68
129	69
128	67
127	66
126	66
125	65
124	64
123	64
122	63
121	62
120	61
119	60
118	62
117	62
116	61
115	62
114	61
113	61
112	60
111	59
110	59
109	58
108	58
107	58
106	58
105	58
104	58
103	59
102	58
101	57
100	56
99	56
98	55
97	55
96	54
95	55
94	54
93	53
92	54
91	54
90	54
89	54
88	54
87	56
86	55
85	56
84	56
83	56
82	56
81	57
80	57
79	57
78	57
77	58
76	57
75	58
74	58
73	57
72	58
71	58
70	59
69	59
68	58
67	59
66	59
65	59
64	61
63	60
62	60
61	61
60	60
59	61
58	62
57	64
56	65
55	65
54	67
53	68
52	70
51	71
50	71
49	73
48	74
47	74
46	75
45	76
44	76
43	76
42	77
41	78
40	81
39	82
38	82
37	83
36	85
35	86
34	88
33	90
32	91
31	92
30	94
29	96
28	99
27	101
26	102
25	105
24	109
23	111
22	114
21	117
20	120
19	123
18	127
17	130
16	134
15	139
14	144
13	148
12	152
11	156
10	164
9	169
8	174
7	182
6	189
5	194
4	204
3	211
2	219
1	228
0	236
0	239
1	238
2	233
3	222
4	210
5	203
6	196
7	186
8	181
9	176
10	170
11	166
12	159
13	151
14	147
15	144
16	141
17	135
18	133
19	127
20	122
21	121
22	118
23	114
24	112
25	110
26	107
27	106
28	103
29	99
30	96
31	95
32	92
33	91
34	89
35	88
36	88
37	85
38	83
39	82
40	81
41	81
42	80
43	78
44	76
45	76
46	75
47	74
48	74
49	73
50	73
51	71
52	70
53	69
54	68
55	67
56	65
57	65
58	65
59	65
60	64
61	64
62	62
63	62
64	62
65	61
66	60
67	60
68	60
69	60
70	60
71	59
72	59
73	58
74	59
75	58
76	58
77	59
78	57
79	59
80	58
81	59
82	58
83	57
84	57
85	57
86	57
87	57
88	56
89	56
90	56
91	57
92	56
93	58
94	56
95	56
96	55
97	55
98	57
99	57
100	57
101	59
102	57
103	59
104	59
105	60
106	60
107	60
108	60
109	59
110	60
111	60
112	60
113	60
114	62
115	61
116	63
117	63
118	63
119	64
120	64
121	65
122	66
123	65
124	66
125	68
126	68
127	68
128	68
129	69
130	69
131	69
132	69
133	70
134	69
135	70
136	70
137	70
138	71
139	71
140	71
141	72
142	73
143	75
144	74
145	74
146	77
147	78
148	80
149	82
150	83
151	85
152	83
153	85
154	88
155	89
156	91
157	92
158	94
159	97
160	97
161	99
162	99
163	105
164	107
165	110
166	112
167	118
168	118
169	122
170	125
171	128
172	133
173	137
174	142
175	151
176	155
177	163
178	170
179	172
180	185
180	191
179	190
178	183
177	175
176	166
175	160
174	156
173	145
172	136
171	129
170	124
169	117
168	115
167	112
166	110
165	107
164	103
163	101
162	100
161	101
160	94
159	93
158	89
157	89
156	88
155	87
154	85
153	84
152	83
151	82
150	81
149	80
148	79
147	78
146	77
145	79
144	77
143	75
142	73
141	73
140	73
139	72
138	72
137	71
136	71
135	71
134	71
133	70
132	70
131	69
130	69
129	69
128	68
127	69
126	67
125	66
124	66
123	66
122	64
121	66
120	64
119	64
118	63
117	63
116	63
115	63
114	63
113	62
112	61
111	60
110	60
109	59
108	60
107	60
106	60
105	60
104	59
103	58
102	58
101	58
100	56
99	56
98	57
97	56
96	56
95	56
94	55
93	56
92	55
91	55
90	55
89	57
88	56
87	57
86	57
85	57
84	56
83	57
82	58
81	57
80	58
79	57
78	58
77	58
76	58
75	58
74	58
73	59
72	59
71	59
70	60
69	60
68	60
67	61
66	61
65	61
64	60
63	60
62	60
61	61
60	62
59	63
58	63
57	65
56	64
55	66
54	67
53	69
52	70
51	71
50	72
49	73
48	74
47	75
46	75
45	76
44	77
43	78
42	79
41	80
40	83
39	83
38	84
37	85
36	86
35	88
34	90
33	91
32	91
31	94
30	94
29	98
28	99
27	101
26	103
25	107
24	110
23	113
22	116
21	119
20	123
19	125
18	128
17	133
16	137
15	142
14	149
13	153
12	157
11	162
10	169
9	175
8	179
7	188
6	194
5	199
4	207
3	216
2	224
1	233
0	241
0	244
1	244
2	241
3	230
4	218
5	211
6	202
7	194
8	188
9	183
10	175
11	170
12	162
13	156
14	152
15	147
16	144
17	139
18	134
19	131
20	126
21	123
22	120
23	116
24	114
25	111
26	109
27	104
28	101
29	100
30	98
31	96
32	94
33	92
34	91
35	90
36	89
37	87
38	85
39	84
40	83
41	82
42	81
43	80
44	78
45	77
46	77
47	76
48	76
49	74
50	73
51	73
52	71
53	71
54	69
55	67
56	67
57	67
58	66
59	66
60	65
61	65
62	64
63	64
64	63
65	62
66	62
67	60
68	61
69	59
70	60
71	61
72	60
73	60
74	59
75	59
76	59
77	58
78	59
79	58
80	58
81	59
82	58
83	58
84	58
85	57
86	57
87	57
88	58
89	57
90	57
91	56
92	56
93	56
94	56
95	55
96	55
97	57
98	57
99	56
100	57
101	57
102	59
103	60
104	59
105	59
106	59
107	61
108	61
109	61
110	61
111	62
112	61
113	62
114	62
115	63
116	63
117	63
118	64
119	64
120	63
121	65
122	66
123	66
124	67
125	67
126	68
127	68
128	68
129	69
130	70
131	69
132	70
133	70
134	70
135	70
136	71
137	71
138	72
139	69
140	65
141	69
142	72
143	74
144	77
145	74
146	78
147	80
148	83
149	82
150	82
151	83
152	85
153	88
154	88
155	90
156	92
157	94
158	97
159	98
160	98
161	99
162	102
163	105
164	105
165	112
166	111
167	117
168	121
169	122
170	128
171	128
172	134
173	139
174	145
175	150
176	155
177	166
178	173
179	180
180	188
180	191
179	191
178	186
177	175
176	167
175	160
174	156
173	146
172	140
171	132
170	130
169	122
168	121
167	117
166	113
165	109
164	108
163	105
162	101
161	101
160	96
159	95
158	95
157	93
156	92
155	90
154	89
153	87
152	86
151	85
150	84
149	82
148	80
147	80
146	80
145	80
144	77
143	75
142	76
141	76
140	73
139	74
138	73
137	74
136	70
135	72
134	72
133	70
132	70
131	71
130	69
129	70
128	69
127	68
126	68
125	68
124	67
123	65
122	66
121	65
120	65
119	64
118	63
117	65
116	64
115	63
114	63
113	63
112	61
111	60
110	60
109	61
108	59
107	60
106	60
105	60
104	59
103	59
102	59
101	58
100	57
99	56
98	56
97	56
96	56
95	55
94	55
93	56
92	55
91	55
90	56
89	55
88	56
87	56
86	58
85	57
84	57
83	57
82	58
81	57
80	58
79	57
78	57
77	58
76	58
75	58
74	58
73	60
72	59
71	59
70	59
69	60
68	60
67	60
66	61
65	60
64	60
63	60
62	61
61	62
60	63
59	63
58	64
57	64
56	65
55	66
54	68
53	69
52	70
51	71
50	73
49	73
48	75
47	75
46	76
45	76
44	77
43	78
42	78
41	80
40	81
39	83
38	84
37	84
36	85
35	88
34	90
33	90
32	91
31	93
30	95
29	97
28	99
27	102
26	102
25	106
24	110
23	112
22	114
21	118
20	121
19	123
18	127
17	132
16	135
15	140
14	146
13	150
12	155
11	159
10	166
9	172
8	177
7	186
6	194
5	199
4	207
3	214
2	222
1	230
0	241
0	243
1	243
2	239
3	226
4	213
5	204
6	198
7	190
8	185
9	178
10	172
11	166
12	160
13	154
14	149
15	146
16	143
17	136
18	133
19	129
20	125
21	122
22	120
23	115
24	112
25	110
26	107
27	103
28	101
29	100
30	97
31	96
32	94
33	92
34	90
35	89
36	88
37	86
38	84
39	83
40	83
41	81
42	81
43	79
44	77
45	77
46	77
47	76
48	74
49	74
50	73
51	72
52	71
53	69
54	69
55	67
56	67
57	66
58	65
59	65
60	65
61	64
62	64
63	62
64	62
65	61
66	61
67	60
68	59
69	60
70	60
71	59
72	60
73	59
74	60
75	60
76	59
77	59
78	59
79	59
80	58
81	59
82	59
83	58
84	57
85	57
86	58
87	57
88	57
89	57
90	56
91	56
92	56
93	56
94	57
95	56
96	56
97	57
98	56
99	56
100	57
101	57
102	58
103	58
104	60
105	60
106	60
107	60
108	60
109	61
110	59
111	61
112	60
113	62
114	62
115	62
116	63
117	64
118	64
119	64
120	65
121	66
122	67
123	67
124	66
125	65
126	69
127	69
128	70
129	69
130	70
131	69
132	72
133	72
134	71
135	72
136	71
137	72
138	69
139	72
140	70
141	74
142	73
143	76
144	77
145	75
146	76
147	79
148	82
149	82
150	85
151	83
152	84
153	87
154	90
155	94
156	94
157	94
158	97
159	97
160	98
161	102
162	101
163	111
164	108
165	109
166	115
167	117
168	119
169	125
170	126
171	130
172	135
173	140
174	145
175	152
176	157
177	163
178	171
179	179
180	187
180	193
179	193
178	188
177	180
176	168
175	161
174	156
173	148
172	140
171	132
170	125
169	121
168	120
167	114
166	110
165	111
164	105
163	103
162	102
161	97
160	96
159	92
158	92
157	90
156	90
155	87
154	87
153	86
152	85
151	84
150	83
149	83
148	82
147	81
146	79
145	77
144	76
143	77
142	76
141	75
140	74
139	70
138	73
137	71
136	70
135	71
134	72
133	69
132	70
131	70
130	70
129	69
128	69
127	68
126	68
125	67
124	67
123	67
122	65
121	65
120	65
119	64
118	64
117	64
116	64
115	64
114	63
113	63
112	61
111	60
110	60
109	60
108	60
107	60
106	61
105	59
104	59
103	59
102	58
101	58
100	57
99	56
98	56
97	56
96	56
95	56
94	56
93	56
92	56
91	55
90	55
89	56
88	57
87	56
86	57
85	58
84	57
83	57
82	58
81	58
80	57
79	57
78	58
77	57
76	59
75	57
74	59
73	59
72	59
71	59
70	60
69	59
68	60
67	61
66	61
65	61
64	61
63	61
62	61
61	62
60	62
59	63
58	64
57	65
56	66
55	67
54	68
53	69
52	69
51	71
50	73
49	74
48	75
47	76
46	76
45	76
44	77
43	78
42	79
41	81
40	82
39	83
38	83
37	84
36	86
35	88
34	89
33	90
32	92
31	94
30	95
29	98
28	101
27	102
26	104
25	107
24	111
23	114
22	115
21	118
20	122
19	126
18	128
17	132
16	136
15	141
14	148
13	152
12	157
11	160
10	168
9	174
8	179
7	187
6	194
5	200
4	207
3	215
2	223
1	232
0	241
0	243
1	243
2	238
3	225
4	213
5	206
6	200
7	191
8	185
9	180
10	173
11	168
12	162
13	155
14	151
15	148
16	144
17	137
18	134
19	129
20	125
21	123
22	118
23	115
24	113
25	111
26	108
27	105
28	102
29	100
30	98
31	96
32	96
33	93
34	91
35	90
36	88
37	87
38	85
39	84
40	84
41	82
42	81
43	80
44	79
45	77
46	77
47	76
48	76
49	75
50	74
51	73
52	71
53	70
54	69
55	69
56	67
57	67
58	66
59	65
60	64
61	64
62	64
63	64
64	62
65	62
66	61
67	61
68	60
69	60
70	59
71	59
72	60
73	60
74	59
75	59
76	59
77	58
78	58
79	58
80	58
81	58
82	59
83	59
84	58
85	57
86	57
87	57
88	57
89	56
90	57
91	56
92	56
93	56
94	56
95	55
96	55
97	56
98	56
99	57
100	57
101	57
102	58
103	59
104	60
105	61
106	60
107	60
108	60
109	61
110	60
111	61
112	61
113	62
114	62
115	63
116	64
117	64
118	64
119	64
120	65
121	66
122	66
123	67
124	66
125	67
126	68
127	68
128	69
129	69
130	70
131	70
132	69
133	71
134	68
135	72
136	74
137	70
138	71
139	72
140	70
141	71
142	75
143	75
144	76
145	74
146	73
147	76
148	73
149	76
150	83
151	89
152	83
153	94
154	90
155	92
156	91
157	94
158	97
159	98
160	99
161	98
162	101
163	103
164	109
165	107
166	113
167	117
168	117
169	122
170	126
171	131
172	134
173	140
174	146
175	151
176	157
177	164
178	172
179	177
180	185
180	189
179	189
178	184
177	175
176	165
175	160
174	157
173	149
172	137
171	131
170	127
169	123
168	119
167	116
166	115
165	107
164	107
163	105
162	101
161	99
160	97
159	93
158	91
157	91
156	91
155	88
154	87
153	86
152	84
151	84
150	83
149	82
148	81
147	81
146	80
145	79
144	78
143	76
142	77
141	74
140	74
139	74
138	74
137	73
136	72
135	72
134	71
133	72
132	70
131	70
130	70
129	69
128	69
127	69
126	68
125	67
124	67
123	67
122	65
121	65
120	65
119	63
118	64
117	64
116	63
115	63
114	63
113	62
112	60
111	60
110	60
109	59
108	60
107	59
106	59
105	60
104	60
103	59
102	58
101	59
100	57
99	57
98	57
97	56
96	56
95	55
94	55
93	56
92	56
91	55
90	56
89	55
88	55
87	56
86	57
85	57
84	57
83	57
82	57
81	57
80	58
79	57
78	58
77	58
76	60
75	58
74	59
73	59
72	59
71	59
70	59
69	59
68	60
67	61
66	61
65	60
64	60
63	61
62	61
61	62
60	62
59	63
58	64
57	63
56	65
55	65
54	66
53	68
52	68
51	69
50	72
49	72
48	72
47	73
46	75
45	76
44	77
43	78
42	78
41	79
40	82
39	82
38	84
37	84
36	85
35	88
34	89
33	90
32	91
31	93
30	95
29	97
28	99
27	101
26	103
25	106
24	109
23	113
22	115
21	118
20	123
19	124
18	128
17	132
16	136
15	141
14	147
13	151
12	156
11	159
10	166
9	172
8	178
7	186
6	193
5	198
4	206
3	214
2	223
1	233
0	241
